1.74
25.4
1.63
2.59
5.72
3.17
1.19
2.63
2.94
5.62
1.02
1.37
1.36
1.83
2.8
6.54
1.01
2.28
1.61
1.1
2.29
1.87
2
18.73
1.08
1.75
1.59
1.05
1.05
1.8
1.11
2.3
1.07
3.34
2.07
4.74
1.1
1.22
1.83
1.28
1.14
1.15
4.03
28.48
1.62
1.06
5.66
1.84
2.26
1.38
27.51
12.49
1.09
1.66
1
1.99
1.66
1.09
1.82
1.47
1.07
14.69
16.33
10.2
2.18
1.26
28.37
4.9
22.78
2.03
2.98
1.32
9.94
1.27
1.66
2.61
5.62
1.26
12.89
1.35
2.54
2.22
2.25
5.26
8.36
1.35
1.83
5.76
4.45
1.29
1.09
1.12
2.2
3.11
2.73
2.24
15.66
4.06
2.43
11.74
1.19
1.07
2.48
2.38
2.73
1.15
1.39
1.14
2.86
1.07
20.01
2.67
1.9
1.38
2.51
1.77
1.46
2.01
1.01
1.27
1.23
2.35
1.32
2.05
3.43
3.37
11.52
25.03
1.5
1.83
1.02
4.81
21.97
1.19
2.71
1.68
1.95
7.99
4.38
2.19
2.24
1.63
1.54
1.35
1.73
1.01
1.28
1.22
6.61
1.25
2.59
1.2
2.39
20.23
1.22
1.35
7.84
1.08
1.28
1.45
2.58
2.07
1.18
14.07
5.65
4.32
4.38
2.92
1
1.69
5.36
3.01
1.18
7.37
2
29.51
8.97
2.38
5.61
1.24
1.36
9.8
1.33
1.35
1.09
1.53
3.62
1.08
1.04
2.3
2.05
1.2
1.55
1.35
4.55
3.14
5.8
1.32
1.89
1.96
1.16
1.13
1.26
2.83
1.82
2.12
11.46
12.33
2.7
1.66
2.48
23.76
1.09
4.94
1.77
9.34
4.64
34.8
7.84
1.17
1.06
1.47
1.04
3.31
1.35
1.4
12.36
1.6
1
1
4.28
1.4
1.13
1.03
1.25
1.32
1.87
1.19
1
1.93
22.89
16.91
1.14
1.15
1.45
1.49
1.48
1.22
3.09
2.35
1.69
1.01
2.05
3.82
1.36
2.43
10.42
1.16
1.08
1.88
26.72
1.5
1.54
7.88
7.61
16.19
1.17
2.29
6.93
1.13
12.48
7.6
2.16
1.86
2.28
27.51
2.19
34.57
1.07
1.92
3.53
2.66
1.91
1.05
1.27
14.82
2.7
6.87
14.38
1.39
1.06
1.2
11.91
24.65
1.08
1.38
1.01
1.14
1.7
12.27
1.72
1.28
1.3
2.49
1.11
1.13
2.43
1.66
1.71
1.58
1.79
1.42
2.95
2.96
6.49
1.17
5.74
2.11
1.22
1.6
1.64
1.19
2.04
1.52
1.09
1.04
2.58
1.12
8.6
2.51
1.36
1.21
1.97
2.01
1.9
2.39
1.22
2.45
1.47
1.35
1
1.93
1.85
11.72
1.73
1.48
2.11
2.21
21.45
1.21
3.58
2.13
27.46
1.44
1.01
1.76
1.19
1.34
1.02
4.32
3.22
4.15
2.84
1.05
1.32
1.01
1.58
12.04
15.7
1.57
1.1
5.26
1.26
2.65
4.78
2.79
3.61
3.9
2.08
1.28
1.61
4.27
3.13
1.2
1.87
1.95
1.91
1.32
1.14
2.42
2.95
1.19
5.02
1.05
3.17
3.03
1.28
3.58
1.55
1.97
4.25
1.69
33
2.4
2.97
30.81
24.08
1.2
7.9
1.1
1.49
3.31
28.5
2.13
5.4
18.5
1.36
2.2
1.42
3.83
4.26
4.68
3.27
3.16
1.69
1.05
3.35
6.98
1.4
2.91
1.27
1.26
3.85
1.26
1.74
2.11
2.64
1.52
1.07
5.32
1.17
4.32
1.17
2.4
4.78
1.71
1.01
5.93
2.15
2.51
22.09
1.26
5.16
1.23
23.39
2.54
3.57
2.74
3.67
1.13
2.54
1.4
1.37
2.35
1.04
2.22
24.73
2.04
2.66
1.29
1.91
1.08
1
1.01
2.27
2.66
1.58
4.1
3.47
1.04
2.36
1.46
1.05
2.83
1.45
3.58
3.33
7.38
2.08
1.01
1.44
4.52
12.21
1.38
4.51
3.46
1.28
5.31
2.21
4.83
3.36
3.13
1.7
3.29
9.32
2.55
3.03
1.59
1.56
1.24
1.22
1.44
8.87
3.45
2.8
2.58
4.34
2.17
1.2
22.02
28.75
1.09
1.44
2.93
1.49
1.29
1.24
12.17
26.9
1.25
1.28
1.34
1.37
1.24
2.26
1.84
2.69
1.18
1.04
2.9
2
1.97
1.34
4.36
2.81
1.7
10.85
1.15
1.01
3.1
23.72
3.52
28.59
3.15
1.15
1.05
1.56
1.13
1.52
1.36
1.61
2.07
1.6
1.55
9.14
17.86
1.1
1.02
2.32
1.74
1.05
1.05
6.5
1.13
2.06
2.31
2.21
1.53
1.08
3.93
4.58
1.24
8.03
1.42
7.39
3.38
2.73
5.21
1.46
1.13
1.71
1.02
1.91
1.17
1.04
5.04
1.75
1.94
10.23
1.76
5.15
1.82
1.3
4.2
12.6
24
4.16
1.8
1.02
1.21
1.44
4.52
1.49
1.08
1.52
2.68
2.07
2
6.14
1.53
1.49
1.53
1.2
5.92
1.47
5.91
1.26
1.6
1
1.16
3.94
3.93
3.52
2.03
1.33
2.04
2.71
2.85
6.91
1.43
3.89
2.5
1.32
6.26
1.9
6.02
1.31
2.28
1.26
10.68
2.47
1.03
2.82
14.24
1.98
3.23
5.79
2.29
1.44
2.05
7.66
2.18
1.11
2.88
1.47
1
1.95
1.26
1.66
1.22
1.52
1.36
1.89
1.49
1.53
1.41
2.38
2.86
1.27
4.51
3.16
3.39
1.43
3.48
1.43
1.39
2.76
1.72
3.78
10.81
1.04
2.6
1.46
1.51
1.26
12.95
3.16
2.43
8.44
2.3
5.18
21.13
7
1.88
9.57
1.27
1.2
1.23
1.27
10.57
1.58
1.9
8.48
1.25
3.61
3.22
23.42
4.19
1.41
1.08
4.75
5.77
1.67
1.61
1.71
3.38
1.27
1.56
2.19
20.08
12.82
1.04
1.08
1.42
1.05
3.87
2.29
1.06
1.02
2.18
1.46
1.53
1.93
1.41
1.43
1.29
2.5
2.01
3.09
1.02
1
2.94
3.44
2.16
1.11
2.54
2
2
6.98
29.28
1.47
1.15
1.55
1.68
2.12
3.06
1.01
1.78
2.53
1.02
1.62
1.9
1.84
1.1
4.12
1.57
1.57
1.13
1.7
1.57
1.28
3.17
11.28
3.6
1.02
4.3
30.6
2.25
27.36
1.94
1.56
3.12
22.37
3.7
3.52
5.05
1.22
7.7
2.22
1.08
1.43
28.97
23.61
1.19
1.13
1.17
1.97
1.41
1.49
1.58
1.16
1.11
5.6
4.53
2.44
1.41
1.9
1.55
1.31
2.96
1.41
1.3
1.15
2.44
1.03
2.7
4.31
1
1.45
1.99
3.17
1.12
2.04
1.64
1.33
5.03
1
1.45
5.55
3.81
2.38
1.48
1.02
1.18
1.99
2.48
1.03
3.51
1.25
1.73
3.34
1.04
5.66
3.32
5.67
1.33
26.27
2.56
1.01
1.58
3.89
1.25
1.38
1.65
23.99
3.49
10.38
1.4
4.51
2.04
1
7.3
1.45
25.46
1
2.1
2.29
6.04
1.2
12.88
1.11
3.51
3.79
24.3
12.9
1.84
1.76
1.23
1.55
3.92
1.27
1.38
1.79
1.02
1.24
1.56
19.3
1.42
1.42
1.8
1.06
2.74
1.87
2.36
2.27
1.01
1.39
16.84
2.37
1.76
1.45
1.16
1
8.57
1.72
1.32
1.4
2.05
7.61
1.16
1.02
1.45
1.3
6.28
1.36
3.52
1.35
1.26
6.37
1.93
1.67
1.07
6.37
3.47
1.14
1.95
4.48
16.93
1.04
3.77
2.23
1.16
1.27
1.11
3.11
1.06
14.45
1.14
1.01
9.79
1.14
1.54
1.65
5.23
1.76
1.52
2.17
5.06
1.81
1.04
1.15
1.29
1.04
5.03
1.6
1.22
1.36
1.46
1.47
4.43
1.01
22.04
4.41
1.49
1
10.42
4.57
1.47
17.49
1.34
2.08
1.35
1.28
8.73
1.51
1.07
30.87
4.01
1.9
1.18
1.43
1
1.76
2.94
1.38
2.05
7.89
1.14
4.46
3.15
1.78
1.08
2.7
1.66
29.13
2.09
2.11
1.58
1.11
20.36
3.06
2.93
1.39
8.27
1.11
2.64
14.21
1.9
1.5
22.55
5.08
1.57
32.23
1.08
1.7
1.68
1.1
1.24
8.45
1.6
5.98
2.28
2.69
1.95
1.17
9.94
4.64
3.19
1.02
1.67
30.45
5.23
3.15
2.18
1.1
1.35
1.77
2.2
10.26
1.13
5.52
5.97
7.02
1.81
1.39
2.4
1.4
1.06
1.19
1.29
1.62
1.81
1.99
4.64
26.42
1.1
1.19
5.95
2.63
2.02
1.09
1.6
6.95
1.42
5.59
1.26
1.15
2.25
1.99
1
1
4.58
4.01
24.38
10.24
23.51
2.52
4.24
1.81
2.14
2.21
1.09
1.85
1.54
1.3
1.86
1.74
2.32
1.08
14.5
2.55
1.01
7.2
2.63
1.65
1.07
1.21
5.08
7.16
1.5
1.01
1.22
1.44
11.51
1.11
2.96
2.1
1.58
1.93
1.96
1.18
4.15
1
2.54
1.31
4.33
30.54
3.83
1.11
2.47
1.18
4.54
1.3
11.76
2.13
3.73
1.56
12.4
4
1.88
1.12
1.47
1.12
1.24
1.45
1.28
1.21
2.01
3.68
17.72
1.76
2.06
22.37
1.6
1.09
1
1.69
6.23
1.28
1.02
2
1.09
4.18
2.05
1.7
1.89
3.37
1.28
9.86
18.84
1.51
4.6
1.09
1.16
1.12
1.39
2.36
11.65
3.1
1.48
3.86
3.04
2.59
11.55
1.68
3.06
1.06
4.23
2.55
3.97
1.32
1.29
26.9
4.89
4.37
2.41
20.94
1.83
10.6
1.26
2.24
2.69
10.17
1.73
1.08
10.87
19.14
1.03
1.31
1.95
1.28
25.87
3.48
1.36
3.27
1.55
10.22
2.27
1.04
1.57
1.87
2.07
6.29
1.72
1.4
1.08
1.6
1.31
2.01
1.48
2.06
3.46
1.14
3.83
2.28
3.36
2.72
2.97
13.42
1.27
2.4
28.16
1.28
2.83
2.95
1.02
31.25
1
3.46
1.9
1.22
1.74
1.5
4.2
4.8
1.3
8.84
2.08
1.02
1.14
2.74
1.79
1.37
1.87
1.1
1.32
3.05
1.14
3.14
27.8
5.77
2.15
1.9
1.25
27.87
1.2
18.65
30.46
4.82
1.99
1.97
4.12
31.11
1.4
1.16
9.86
1.04
31.44
1.71
1.23
1.44
1.58
1.58
1.65
1.28
2.08
1.16
1.35
6.15
1.13
1.18
1.55
2.24
1.03
16.54
2.02
3.96
1.84
1.75
22.43
1.09
21.02
4.54
1.68
1.1
1.47
1.93
1.99
2.99
2.06
2.37
20.61
1.32
1.16
1.58
1.33
4.42
1.56
33.01
4.91
1.99
1.07
1.23
1.55
1.67
2.35
1.22
1.45
3.09
1.51
14.63
1.18
22.51
2.19
5.16
1.79
1.31
1.18
1.06
1.2
1.13
1.35
2.46
21.13
1.44
2.42
5.38
2.99
3.39
2.75
2.1
4.22
1.07
7.1
12.56
2.08
7.79
3.22
5.31
1.41
1.11
1.03
3.1
1.54
2.24
1.34
8.59
1.1
2.3
5.76
13.89
1.41
2.12
2.76
1.57
1.51
3.97
1.56
1
2.88
1.1
2.02
4.61
1.32
3.42
21.32
1.13
2.25
1.83
1.17
1.1
1.79
1.89
6.73
1.4
1.05
1.1
8.55
4.1
2.27
1
7.05
2.47
1.95
1.42
1.41
3.26
21.91
6.3
14.59
1.12
1.24
18.11
7.98
1.17
3.48
1.04
1.38
31.38
6.53
1.1
1.31
1.79
1.33
8.23
3.33
20.87
1.33
1.38
8.64
1.46
3.3
2.75
1.24
1.32
1.49
22.99
1.35
1.2
1.66
1.15
1.42
1.39
1.24
2.08
2.35
17.89
3.18
1.52
1.77
13.02
1.51
1.05
1.25
2.02
1
1.33
2.11
3.23
1.58
32.47
1.03
1.03
2.88
2.02
12.34
1
2.54
4.56
2.18
1.18
1.22
21.01
2.57
1.47
6.74
1.71
3.19
1.39
6.49
2.47
1.17
1.12
2.13
1.15
4.59
2.35
2.04
22.24
1.34
25.72
6.38
1.8
1.5
2.46
1.76
1.08
2.69
2.01
1.79
1.66
6.2
1.84
5.58
5.66
11.8
2.22
1.89
3.67
1.04
3.43
1.23
1.2
1.06
1.53
1.18
2.91
5.21
1.41
7.7
2.29
1.05
1.46
1.19
1.96
2.45
1.59
1.63
4.04
1.74
2.67
1.05
2.91
19.28
1.33
1.35
1.55
3.69
1.71
2.36
1.24
1.75
3.05
5.87
1.02
2.49
1.54
1.94
1.2
3.69
1.31
1.12
1.24
1.53
1.57
1.01
26.47
1.11
2.1
1.46
4.06
7.53
3.17
6.19
3.58
1.51
1.34
24.8
1.4
1.13
4.65
2.83
1.28
1.14
2.83
1.01
1
4.72
3.77
4.11
3.45
3.65
2.14
3.02
2.58
1.14
6.56
1.88
1.02
20.43
1.06
2.5
1.26
3.68
2.71
1.31
4.48
1.02
1.1
4.24
1.08
2.85
6.66
1.11
1.14
9.31
2.7
5.62
5.8
1.27
1.92
2.43
2.66
1.1
1.32
1.98
1.31
1.65
1.19
1.25
1.77
8.04
1.46
1.83
1.33
1.77
1.04
4.98
4.22
1.15
1.14
2.63
10.73
2.72
2.05
2.69
1.38
2.49
3.8
1.57
1.21
1.54
1.1
1.01
9.5
1.88
1.08
1.04
1.92
2.12
1.39
2.59
1.83
1.05
1.06
2.14
1.52
26.87
1.4
1.19
3.1
4.04
1.5
3.23
1.6
1.49
1.29
11.29
2.74
1.58
2.35
1.19
1
3.23
1.16
3.01
1.68
1.3
1.19
4.23
1.53
2.65
2.38
1.62
1.03
1.62
2.21
1.28
1.55
9.27
2.46
8.65
1.84
1.77
3.54
2.31
4.43
1.15
2.6
3.05
22.02
1.01
7.72
1.22
4.72
6.97
5.73
2.11
4.03
1.48
1.85
1.01
1
6.96
1.14
1.14
1.15
1.54
1.57
9.92
4.78
6.45
3.34
1.25
1.36
1.48
7.32
1.07
1
13.29
3.07
1.77
1.09
4.98
1
2.05
3.69
4.95
1.9
1.33
1.35
7.22
33.13
8.38
5.58
3.9
1.6
24.26
1.98
1.29
2.01
1.77
2.37
21.63
23.8
3.35
1.46
1.25
5.48
2.04
2.14
1.32
1.83
2.51
30.2
1.6
3.53
1.16
26.74
10.26
3.52
1.37
2.53
1.14
1.21
3.58
31.9
1.47
1.1
1.34
8.42
1.02
1.49
1.12
3.74
4.03
1.53
2.19
1.02
1.3
1.79
1.15
1.15
1.41
5.47
4.5
1.09
1.05
4
5.36
2.14
22.45
6.48
1.74
7.14
1.4
25.3
1.01
3.12
1.33
28.72
5.88
1.07
6.86
6.31
14.21
1.57
1.37
4.66
1.15
16.15
1.06
1.43
1.81
2.17
31.55
1.09
10.54
1.76
14.45
1.58
1.27
27.08
2.48
10.07
1.13
1.05
4.75
9.11
3.14
1.38
27.31
3.84
10.46
1.87
1.16
1.04
21.47
5.97
1.18
1.13
1.13
1.54
6.08
3.61
1.38
1.93
3.58
2.66
1.74
1.82
1.78
7.53
12.47
1.04
1.17
6.99
1.19
1.02
2.82
1.42
8.41
2.17
1.17
3.54
1.13
29.49
4.16
2.96
2.4
2.33
1.52
1.03
1.15
10.56
1.52
2
2.59
3.91
20.72
1.54
3.95
1
22.41
1.27
22.14
1.51
1.57
1.08
1.61
4.47
1.66
1.11
1.09
12.96
2.68
2.61
3.22
2.88
29.06
2.91
1.78
1.26
1.25
4.64
2.18
2.78
1.91
2.57
2.31
1.83
1.04
1.15
1.6
2.13
1.08
6.75
2.26
3.08
1.04
2.78
4.54
1.65
3.47
1.47
3.07
1.49
6.85
1.47
1.15
2.45
1.47
1.99
3.16
25.69
4.15
3.06
1.07
1.13
2.3
1.17
1
1.02
22.64
2.15
6.01
1.68
3.94
12.78
1.37
1.14
1.28
11.46
1.18
1.84
1
2.12
2.09
14.21
2.61
2.85
4.29
1.15
2.23
1.79
8.14
1.69
1.27
2.18
6.62
2.53
2.67
2.68
2.2
8.9
3.59
6.33
1.43
4.91
2.84
1.83
1.1
8.06
1.07
1.66
2.06
2.11
1.09
1.82
1.26
1.42
2.04
1.96
2.03
4.37
1
1.03
1
1.95
1.38
1.25
3.56
3.38
1.53
3.39
1.07
1.13
1.56
1.07
23.54
1.55
1.09
3.19
1.52
2.5
1.35
2.26
2.87
1.39
2.97
1.04
1.18
1.29
6.65
9.07
1.38
1.29
1.65
23.83
1.26
2.28
2.18
23.57
3.69
1.39
1.09
1.27
1.05
2.9
1.58
6.76
30.25
1.92
1.24
1.2
6.86
2.77
3.86
4.75
4.02
28.73
4.07
5.67
1.56
1.04
1.38
1.52
9.19
1.76
2.95
1.14
1.44
1.23
1.23
5.51
1.12
1.18
1.06
1.06
1.21
4.63
6.12
1.05
4.55
4.04
2.45
3.84
6.9
1.22
1.53
1.17
2
1.27
1.19
1.19
1.9
12.72
1.24
5.86
5.54
1.24
1.61
4.82
1.01
2.21
2.61
6.91
1
1.13
7.72
13.04
1.31
1.2
1.47
2.27
1.04
2.03
1.42
1.27
26.94
1.25
3.53
1.27
1.01
1.05
1.29
2.4
5.38
17.14
3.32
1.63
1.84
2.57
2.78
3.13
5.53
15.82
1.04
3.65
4.45
1.07
20.95
2.82
3.63
2.24
12.19
1.39
2.12
5.37
9.07
3.65
1.76
1.01
7.17
1.17
14.37
1.3
13.8
2.37
1.2
2.51
3.41
3.28
1.09
2.32
2.25
2.95
2.45
3.4
4.74
3.56
1.16
1.01
1.03
1.15
1.2
1.95
1.18
30.49
1.89
1.11
3.17
3.63
4.82
10.31
1.99
1.6
14.07
30.84
1.5
1.99
1.29
1.31
1.74
8.22
2.35
1.24
1.16
3.23
2.19
1.19
2.73
1.07
1.45
1.73
9.3
1.95
5.44
10.18
1.39
6.54
1.87
19.97
1.01
1.84
1
1.87
7.16
3.95
1.7
2.63
4.34
3.53
29.61
4.07
1.04
1.38
9.98
10.82
2.82
1.48
2.02
4.99
4.72
2.31
1.54
4.5
1.07
2.13
3.76
3.12
1
6.91
4.05
1.62
4.57
1.78
6.22
1.07
1.23
1.06
7.47
1.05
1.05
1.08
8.03
1.65
1.63
3.07
15.68
4.3
9.69
2.07
16.51
4.18
1.93
1.08
1.7
1.55
2.05
3.68
2.34
1.04
1.1
3.96
19.82
2.47
1.88
1.63
23.86
1.04
2.55
1.03
1.55
1.06
1.38
4.22
7.18
1.09
4.52
1.87
1.1
1.32
1.35
1.25
1.45
7.08
5.19
8.49
1.7
3.59
1.85
1.03
1.98
3.55
6.57
6.09
30.27
1.62
1.65
1.43
2.03
1.28
2.94
10.42
3.73
6.23
1.03
3.05
1.26
10.31
20.43
2.06
1.69
1.8
1.22
5.24
15.99
1.98
5.2
1.12
1.23
1.12
1.5
3.95
1.87
2.37
4.52
1.31
1.17
8.98
2.64
6.08
1.83
4.51
1.98
2.59
1.29
4.52
1.04
2.28
1.5
1.4
1.11
1.08
1.66
1.86
1.08
6.3
9.31
3.17
1.58
1.67
1.55
1.57
9.81
5.05
3.06
1.15
1.41
1.22
1.45
1.33
1.25
1.94
3.39
1.38
1.58
1.92
5.65
8.05
1.05
1.32
5.77
1.36
1.11
2.04
1.61
8.98
1.7
1.02
13
1.93
2.56
2.93
1.15
2.79
2.47
34.33
2.9
4.62
1.63
3.88
24.25
7.71
20.32
1.83
2.86
21.15
1.16
2.06
2.34
1.58
1
1.87
4.15
1
1
1.08
3
6.33
3.53
3.26
8.93
1.99
1
1.26
2.56
1.41
1.11
12.66
1.41
6.99
1.06
1.3
1.06
2.5
21.47
4.12
1.06
1.31
2.26
1.54
1.76
1.79
4.67
3.63
24.46
30.02
7.26
8.17
1.2
2.9
5.92
1.02
1.25
1.47
2.66
1.17
1.12
1.08
2.64
1.39
1.84
1.68
1.57
1.46
1.21
1.56
1.29
1.04
1.77
3.21
3.63
1.58
2.04
1.08
3.47
3.96
1.26
23.69
2.3
8
1.23
3.19
3.66
1.82
1.07
7.93
1.83
4.29
9.78
2.86
2.38
10.07
1.12
8.17
4.68
1.07
6.38
1.47
1.28
3.92
1.73
2.72
1.85
14.04
1.31
9.46
2.37
6.78
1.35
1.12
1.3
2.24
1.09
2.35
1.11
2.05
1.43
1.63
29.12
2.1
1.15
1.54
1.39
2.73
1.79
5.53
1.25
4.36
2.26
1.51
2.03
1.51
15.84
1.18
1.81
14.68
1.2
1.03
27.71
2.12
9.41
3.47
2.26
1.52
1.97
9.47
1.09
2.45
2.23
2.44
3.78
3.07
1.04
12.47
3.3
1.04
3.16
2.92
3.06
3.61
3.08
1.61
1
1.88
1.15
5.05
3.95
12
1.93
2.14
3.49
1.35
1.07
2.84
2.98
1.19
1.06
2.49
1.82
3.36
1.59
2.15
4.67
5.66
3.45
26.05
1.02
2.98
8.19
2.46
2.71
1.8
1.22
2.12
1.17
7.7
1.05
1.3
1.17
1.03
1.18
3.81
1.59
1.9
1
21.19
1.23
1.08
4.91
6.66
21.77
2.18
1.41
1.44
1.98
20.78
1.12
3.2
1.62
1.28
4.07
8.75
3.19
5.05
2.94
1.23
1.34
1.18
1.11
1
7.31
7.89
11.38
1
2.97
1.35
15.01
1.02
1.55
1.31
2
6.49
1.03
2.43
2.4
1.01
5.19
1.22
1.47
1.01
1.37
2.05
1.36
23.6
1.05
7.71
1.11
1.43
12.79
11.91
3.08
3.93
2.17
1.02
3.09
4.68
1.91
1.57
14.6
6.91
8.31
1.42
1.58
1.2
4.19
1.09
1.78
20.6
2.45
4.53
2.99
2.04
1.4
5.59
1.09
1.16
1.81
7.59
1.83
2.38
1.01
4.1
5.51
3.31
1.74
1.29
4.16
1.62
3.45
1.49
16.19
2.26
7.03
4.76
1.19
1.4
10.41
1.05
6.17
1.94
17.65
1.38
1.04
1.42
2.82
20.62
19.76
3.29
1.63
1.05
3.44
1.22
4.92
15.32
1.35
1.81
21.09
2.28
1.66
1.38
3.69
1.17
1.41
1.3
1.06
8.99
3.13
2.49
2.75
1.65
3.54
3.33
3.17
1.65
2.73
26.81
1.09
1.22
1.86
2.54
1.24
11.48
2.83
1.56
1.07
1.57
21.8
1.3
6.08
3.66
1.33
1
2.18
1.32
5.58
2.19
2.16
5.3
1.7
1.02
1.63
1.04
1.05
6.09
1.09
4.81
1.4
1.62
5.37
1.27
2.14
4.74
32.09
1.43
9.57
1.72
1.17
1.76
2.86
1.68
1.24
2.13
13.96
3.92
1.75
4.19
7.96
25.43
1.04
2.73
2.69
1.24
1.04
1.6
2.79
1.63
2.79
1.33
1.43
1.92
4.33
1.13
     3.5
2.1
1.25
8.52
3.15
1.8
1.69
2.65
1.88
21.58
13.15
1.47
2.52
1.16
2.05
1.39
1.16
1.69
3.38
1.31
16.55
1.07
1.24
2.15
2.97
1.56
1.63
1.2
3.69
1.92
3.05
1.41
5.05
1.2
1.57
4.63
4.45
4.12
4.13
3.04
2.14
10.98
1.58
2.97
1.07
1.74
28.71
1.73
1.76
1.06
1.03
1.41
1.54
1.83
6.11
2.01
6.27
1.37
2.23
2.12
4.83
2.9
1.36
1.84
2.02
2.88
2.31
2.83
4.06
1.72
1.53
1.14
1.02
1.92
6.15
1.51
6.81
5.54
4.7
2.08
1
1.31
7.67
6.96
1.51
11.41
1.51
14.06
3.24
1.17
5.02
4.01
2.32
1.23
1.74
2.09
3.39
5.34
2.8
1.9
1.99
1.13
8.45
1
1.21
1.21
2
1.13
4.75
1.54
2.7
1.66
1.89
5.56
1.16
2.34
22.24
2.91
3.56
24.55
2.02
1.59
1.3
1.33
1.16
1.45
2.91
2.17
4.72
3.28
5.85
3.91
1.4
2.11
1.37
1.01
1.48
5.06
1.03
1.45
1.31
4.45
6.06
1.55
15.22
1.99
1.54
1.4
1.84
1
2.6
2.22
1.1
9.82
1.15
1.69
1.08
1.25
6.1
1.16
3.11
1.52
27.33
12
2.26
5.62
22.15
8.11
1.25
1
1.55
2.85
1.93
1.64
2.26
1.03
2.55
1.22
2.17
2.57
2.62
2.35
2.02
1.5
7.97
1.77
1.32
1.72
1.41
1.45
1.43
1.49
15.28
7.99
1.04
16.41
1.19
1.13
1.34
1.08
2.98
5.77
5.35
1.42
2.08
22.52
1.52
1.57
1.31
2.59
6.86
4.07
3.41
1.15
1.19
1
2.66
1.14
2.08
4.01
1.8
25.01
1
2.11
1.04
1.18
4.05
1.33
2.85
3.93
1.46
1
1.34
4.94
17.45
1.1
1.9
1.11
4.81
1.24
1.1
19.56
1.58
3.2
1.74
1.13
1.18
1.19
3.47
1
2.6
3.91
2.47
1.2
1.06
2.91
4.72
1.82
1.82
2.78
9.43
1.74
1.79
3.97
4.31
2.82
1.62
1.78
32.7
1.88
1.2
2.24
7.94
11.11
7.11
1.3
1
3.97
2.7
1.06
1.11
20.38
8.08
1.85
5.84
26.9
2.27
31.66
3.04
1.55
1.01
9.47
2.69
1.76
1.05
1.15
1.99
7.1
1.43
7.89
3.9
3.54
2.35
2.28
2.2
1.43
1.2
1.33
2.42
1.46
5.92
1.08
4.82
2.36
8.15
1.17
1.06
1.78
3.8
1.16
1.08
4.17
3.2
3.79
25.83
1.04
2.17
7.19
23.93
1.75
1.33
3.31
2.59
34.46
1.03
5.4
2.33
1.07
1.11
1.31
2.1
4.01
22.02
1.5
12.87
28.86
2.22
5.92
1.52
3.9
21.55
1.05
1.28
1.21
9.31
2.25
1.47
1.84
2.66
11.08
1.22
20.7
1.11
2.48
3.46
1.46
1.29
1.07
6.65
1.4
4.06
1.49
1.5
1.12
2.1
1.66
2.27
1.36
1.92
6.61
2.16
1.2
3.64
1.11
3.95
1.45
6.64
1.09
2
3.61
1.76
1.1
1.66
2.31
6.99
1.78
2.49
11.85
3.64
1.3
2.71
1.81
1.38
3.1
3.03
1.17
2.4
1.95
2.07
1.6
2.03
1.54
1.57
2.59
9.67
1.87
26.96
1.41
4.24
2.64
19.36
1.17
2.1
3.64
7.82
1.73
2.77
4.45
2.65
1.16
10.13
2.12
1.49
2.21
2.2
1.62
4.68
6.14
1.48
1.99
1.08
1.11
4.2
17.55
1.51
4.1
1.06
4.31
1.21
2.07
1.27
1.96
1.02
1.43
2.17
5.02
5.54
1.25
1.49
11
7.76
1.21
1.77
1.72
2.13
1.11
17.64
4.66
1.75
11.45
2.09
1.87
13.51
3.16
2.09
1.91
3.96
5.84
4.62
2.21
6.88
1.74
14.5
1.07
1.29
3.28
1.18
2.3
2.11
1.36
1.23
1.4
1.58
2.18
1.8
1.73
1.07
1.69
2.46
3.67
1.11
1
2.79
2.1
3.2
4.82
7.23
12
4.03
1.76
2.34
1.04
1.46
2.42
7.11
11.83
4.28
8.35
1.51
28.39
1.02
1.14
1.1
3.67
3.28
1.14
1.73
9.59
1.23
6.01
1.6
1.11
1.38
5.31
1.72
1.18
1
10.35
3.98
3.05
1.88
1.06
1
5.06
1.43
1.28
1.92
2.5
5.59
1.81
1.7
2.03
1.73
1.48
2.33
3.49
1.84
2.56
5.22
1.74
1.24
1.54
7.49
2.55
1.18
1.08
1.14
9.07
11.09
3.03
1.96
1.53
2.03
2.25
1.19
1.7
4.01
8.1
28.59
3.22
2.9
1.29
5.13
2.3
1.19
1.02
1.48
1.81
3
2.28
1.17
4.43
2.83
3.38
3.42
2.13
1.8
1.07
9.28
1.32
1.96
1.96
1.49
1.23
3.44
1.29
1.66
1.43
1.24
1.05
3.3
1.97
2.66
1.31
10.11
23.67
1.71
1.57
3.67
3.33
1.61
2.83
2.88
3.21
2.06
9.12
4.2
2.19
1.78
1.14
4.16
1.13
5.28
2.06
1.48
32.1
1.7
1.38
2.62
4.67
1.14
3.14
5.28
1.57
1.49
1.66
1.24
24.5
8.11
1.71
3.77
4.96
1.08
1.17
11.8
1.02
1.53
2.35
2.03
2.08
3.05
5.5
5.49
1.56
2.66
2.54
1.52
1.01
1.07
9.58
1.22
1.5
2.11
1.21
1.15
1.68
2.62
1.69
2.99
23.84
1.26
1.05
1.04
2.92
3.43
7.5
1.55
2.71
7.8
1.23
34.72
1
19.01
1.76
7.58
4.4
1.04
1.08
1.01
1.01
2.3
1.09
1
3.8
1.72
3.07
9.62
1.65
1.58
1.04
33.61
1.65
3.4
1.64
7.58
1.91
1.16
2.72
1.78
5.62
1.18
1.05
1.25
5.91
2.23
1.82
4.61
1.11
1.33
2.9
1
1.23
13.39
1.38
1.12
1.29
2.21
4.09
3.42
1.33
1.06
1.03
2.34
2.85
7.18
2.49
2.09
1.86
1.59
1.18
1.07
1
1.65
34.92
8.39
2.2
2.38
16.85
1.03
5.74
1.21
2.85
14.94
2.72
2.68
1.25
5.17
1.78
1.01
2.56
2.05
1.14
1.85
1.19
1.13
1.72
1.1
7.3
1.08
1.41
2.78
20.66
2.21
1.75
2.97
1.05
1.79
1.22
2.25
2.23
1.12
1
12.53
10.79
3.55
30.3
2.3
1.02
2.66
3.64
4.8
2.16
1.36
2.09
2.02
1.14
5.05
2.18
1.09
1.59
1.94
4.17
2.91
26.78
18.82
1.04
1.36
2.09
1.15
8.92
14.24
1.44
1.24
1.72
16.57
1.27
1.54
2.16
30.5
1.15
1.08
2.91
1.96
7.63
1.12
1
1.07
2.68
2.17
3.63
1.05
2.17
2.42
30.87
2.3
6.85
1.2
1.41
3.3
1.05
27.07
4.76
2.42
2.1
1.2
1.08
1.32
5.32
13.89
2.38
2.31
5.67
3.05
4.63
1.22
1.28
1.57
1.01
2.26
6.13
1.94
1.34
1.11
1.82
2.16
1.94
1.13
1.67
1.33
1.16
1.24
1.34
29.08
8.48
7.04
1.04
9.58
1.46
1.22
1.73
1.33
1.11
1.67
9.02
1
5.65
1.02
1.75
16.87
7.68
1.54
1
6.45
3.22
3.94
3.39
3.23
1.12
1.52
1.37
1.89
15.43
6.04
2.23
2.43
1.31
2.02
1.42
1
2.74
2.91
1.15
1.06
1
3.02
1.25
1.02
1.31
5.01
2.05
1.92
3.6
20.18
16.22
2.07
1.15
13.45
15.36
2.73
1.23
2.9
3.62
1.25
1.8
1.19
1.09
1.51
3.28
2.73
1.37
1.09
1.91
2.35
2.32
1.22
3
1.08
2.02
20.55
2.3
1.09
1.84
3.32
1.09
4.81
1.1
4.14
1.57
1.78
2.32
1.19
1.18
1.24
5.37
1.37
1.06
1
2.84
1.45
1.52
3.54
23.52
1.85
1.05
2.23
7.41
1.26
6.82
3
1.95
2.39
1.24
1.67
2.19
2.81
10.93
1.15
1.91
1.53
1.31
2.62
1.43
2.19
8.01
1.05
1.22
1.46
1.47
3.47
1.4
4.9
1.03
1.31
1.66
1.23
1.11
1.22
1.14
2.19
20.61
1.55
6.22
2.47
1.34
16.58
1.18
4.23
1.07
1.03
1.61
1.27
1.08
1.33
8.32
2.29
1.14
2.28
2.65
1.18
3.92
2
1.04
1.27
4.91
1.75
1.36
1.67
1.9
2.96
1.16
1.05
24.95
3.16
4.31
4.31
2.6
1.71
1.93
1.71
2.06
3.03
1.61
2.36
2.43
1.28
8.33
1.68
1.17
18.16
4.33
3.98
1.07
1.2
1.88
1.1
2.75
1.04
27.13
24.29
1.65
1.62
1.16
2.11
2.47
4.78
1.62
1
1.89
5.39
21.85
3.5
1.16
2.07
1.41
1.07
1.38
1.99
1.42
2.54
1.1
1.1
1.14
1.16
3.58
2.57
7.09
4.23
4.11
5.08
7.22
1.21
2.07
1.36
2.93
3.41
4.19
1.09
7.72
1
1.41
1.67
1.09
1.01
5.36
6.95
1.44
1.15
1.11
1.16
3.69
2.55
2.51
3.53
1.94
1.24
2.74
1.52
1.47
1.48
2.34
1.61
3.44
1.03
3.66
3.17
5.76
1.34
1.34
1.96
4.98
12.28
1.16
2.61
1.95
1.61
1.49
1.25
6.05
1.27
2
1.72
9.65
1.12
3.37
1.34
7.53
2.99
2.83
8.21
22.08
6.8
4.43
1.35
31
1.19
2.4
1.32
1.26
9.54
1.49
1.95
1.02
1.36
3.28
22.16
1.91
1.51
1.84
1.41
23.25
1.11
1.86
1.15
1.09
7.1
1.01
1.36
3.87
1.54
1.63
19.8
4.63
2.46
1
2.35
2.29
1.04
1.17
2.16
1.07
1.29
1.01
1.32
2.25
1.05
1.15
1.02
7.23
3.05
1.34
1.99
27.29
6.37
2.67
2.28
1.63
1.1
21.11
1.37
1.36
1.62
1.36
1.13
1.76
2.77
1.89
1.6
2.07
1.27
2.72
1.99
1.65
1.04
2.08
8.77
1.63
26.81
1.94
18.75
1.23
1.51
2.02
1.82
1.44
1.25
1.02
2.67
1.85
3.01
8.74
1.14
3.76
3.13
1
3.43
1.12
2.07
2.68
1.79
1.65
2.64
2.81
1.04
23.73
1.39
2.17
25.52
1.21
1.54
1.02
4.32
1.07
2.4
1.36
1.39
1.51
2.87
9.15
15.38
2.75
4.09
23.53
1.31
2.55
2.32
1.34
1
1.23
1.11
5.16
1.28
2.1
1.94
1.13
2.22
3.63
10.51
1.73
1.42
1.6
1.45
1.31
12.01
1.98
7.85
3.63
3.18
3.69
1.18
3.8
1.68
4.16
10.6
1.18
1.55
2.11
1.31
2
1.29
1
1.14
1.49
1.14
1.45
1.03
9.88
4.61
1.19
1.37
5.22
6.18
1.53
1
2.01
5.47
1.4
5.19
1.67
3.63
1
1.48
21.35
1.47
5.74
1.58
3.18
1.3
7
13.88
2
2.24
1.16
1.41
18.57
1.07
1.11
1.53
20.51
2.75
1.34
1.22
1.08
1.27
5.31
1.3
1.72
2.39
2.37
1.22
1.39
1.25
1.32
1.44
1.07
2.67
22.17
1.87
1.88
2.98
4.76
1.36
7.21
2.54
1.26
1.34
6.31
1.18
4.54
1.56
2.65
1.52
1.7
23.41
1.03
1.16
1.61
1.06
2.15
14.92
6.05
5.18
1.05
7.03
3.59
1.22
1.44
5.48
1.4
1.13
1.94
7.9
1.5
26.33
2
1.57
26.43
2
2.07
1.64
1.06
4.51
2.65
23.94
1.2
2.23
1.26
1.96
2.13
2.99
1.07
2.46
1.69
2.74
3
3.41
1
1.03
1.17
1.5
1.27
1.82
1.5
2.37
2.28
1.91
1.92
1
1.17
1.74
2.29
1.65
2.18
1.84
1.39
1.03
1.04
11.77
1.64
1.53
4.22
4.66
1.3
1.62
1.89
1.95
1.37
31.28
1.01
1.35
1.24
2.73
4.27
1.53
1.18
1.13
1.25
1.52
1.21
1.12
4.26
10.31
1.7
3.15
2.89
1.71
1.18
2.28
1.95
3.08
1.01
1.61
20.08
7.92
28.51
1.25
1.14
1.31
3.55
11.96
6.58
1.61
2.36
1.12
1.58
2.36
3.03
4.25
2.54
23.53
1.24
2.64
1.63
2.34
10.13
1.24
5.79
24.44
22.77
1.05
2.16
1.31
3.89
2.29
1.39
26.25
1.08
1.17
1.71
3.7
1.01
6.99
2.78
7.49
6.54
2.89
21.18
2.53
1.83
1.13
1.73
2.06
8.86
1.9
1.89
1.83
3.42
1.24
4.92
26.13
1.38
1.93
13.28
1.35
1.72
9.74
1.54
5.16
3.55
3.06
1.79
1.41
8.27
6.72
1.97
16.36
1.44
1.04
1
1.24
1.1
1.23
4.16
2.97
3.85
2.12
2.04
5.02
1.23
2.08
4.22
17.31
6.26
28.03
2.08
22.68
3.2
1.17
2.16
1.29
1.63
3.42
4.71
3.28
4.33
8.95
2.36
2.45
1.27
5.24
2.52
1
1.74
2.23
2.62
3.27
2.78
4.2
1.48
1.56
2.42
3.24
1.44
1.35
3.17
1.14
1
1.29
7.99
1.17
4.22
3.23
1.3
3.4
1.03
23.6
2
22.89
2.8
1.44
1.49
1.11
2.06
1.07
10.23
1.33
14.48
2.28
5.31
1.06
2.37
1.25
1.2
1.34
1.04
1.02
1.03
1.43
1.55
1.41
1.03
13.53
2.89
1.07
1.03
2.99
3.43
2.01
9.6
1.43
1.42
2.55
2.28
1.54
1.44
1
6.3
4.51
3.07
1.48
9.94
3.12
4.83
32.73
1.7
23.28
2.18
3.29
2.88
4.79
3.22
1.11
2.02
1.36
1.82
1.2
1.03
1.1
1.19
2.04
1.95
20.43
7.98
2.02
21.11
1.9
1.52
34.49
1.64
1.14
1.38
2.05
1.33
2.77
3.56
9.2
5.41
2.39
14.93
1.42
1.15
25.96
1.39
2.19
2.48
3.96
2.39
3.73
1.75
3.5
2.81
6.44
1.4
1.28
1.4
1.49
4.18
1.11
26.9
1.67
28.2
1.7
1.67
1.66
23.7
1.51
5.25
1.84
1.32
5.68
1.93
1
1.16
2.5
1.21
3.52
2.68
3.46
9
1.08
8.27
1.49
1.26
7.64
1.6
1.8
2.28
1.04
13.81
8.78
4.97
1.86
19.11
7.38
17.88
1.13
24.24
1.99
3.42
31.85
1.25
1.84
3.16
4.88
1.23
29.22
14.03
3.72
2.4
4.88
1.09
1.15
1.47
1.17
1.8
1.65
1.43
2.49
5.81
1.28
1.19
1.13
1.03
2.38
4.91
3.52
4.77
1.47
5.64
3.08
2.24
1.11
1.5
1.15
1.89
3.14
9.7
7.85
2.41
7.02
2.58
1.18
1.62
10.68
1.19
1.17
1.62
8.55
1.61
1.01
1.74
1.99
1.46
1.54
17.56
2.7
1.02
1.06
1.82
11.61
1.59
1.4
1
1.15
1.04
1.04
2.33
19.08
2.91
1.35
1.21
9.54
2.33
2.97
3.76
1.65
2.41
19.52
1.03
3.64
13.06
20.62
4.25
1
3.37
1.09
1.69
4.64
2.98
1.24
1
7.16
5.86
2
28.7
3.63
2.6
1.95
3.18
1.57
2.1
1.44
1.09
1
2.08
3.39
1.23
1.53
1.42
1.89
6.85
2.3
1.9
5.73
1.83
1.52
1.56
4.68
3.29
2.36
1.87
1.97
31.78
1.22
1.24
10.27
1.31
31.06
24.49
1.37
2.24
29
7.61
32.65
1.06
2.36
3.2
1.96
1.22
3.09
1.05
2.7
1.43
1.31
1.62
1.53
5.58
1.47
4.54
2.82
21.16
9.78
2.31
1.24
1.2
1.61
3.47
1.74
2.07
1.79
1.07
5.8
1.69
1.01
1.03
1.41
24.88
9.69
2.9
1.12
2.86
1.05
6.75
19.06
2.07
20.48
1.24
21.31
3.37
2.23
2.45
1.45
1.83
1.43
1.44
1.3
3.15
1.41
17.65
5.4
2.55
2.92
1.36
1.51
3.25
5.97
3.63
2.65
1.1
1.38
4.43
1.23
18.47
1.3
1.17
8.97
3.02
1.42
14.64
2.32
2.06
2.28
3.62
6.75
2.11
4.48
1.51
4.04
25.39
2.6
1.1
2.14
11.95
2.39
4.4
2.39
14.79
20.3
2.06
1.86
1.31
6.25
1.8
1.78
1.95
1.52
4.53
1.23
1.25
3.92
2.07
1.12
1.46
3.72
1.45
1.06
1.11
1.3
1.41
1.74
2.61
1.94
1.93
7
13.69
8.31
1.17
3.88
2.97
1.07
20.89
1.47
1.73
1.33
1.13
2.51
3.44
4.65
1.25
1.41
1.24
1.46
8.03
1.7
3.05
1.16
5.46
3.77
1.81
1.47
2.09
21.1
2.66
1.1
1.34
3.43
1.47
1.02
1.04
3.28
1.11
1.13
1.41
6.22
1.54
1.54
1
5.24
1.41
4.16
2.68
17.44
1.26
3.22
23.47
10.34
3.33
1.22
1.79
2.02
3.72
4.96
2.3
2.63
26.6
4.46
22.02
20.37
3.28
5.01
2.04
3.29
3.72
3.01
3.17
1.37
1.1
1.68
1.4
1.85
1.08
1.23
4.32
1
1.04
12.17
1.09
1.62
1.09
1.11
1.63
2.18
1.34
2.82
1
3.82
1.42
2.14
2.09
1.33
25.92
1.1
4.73
6.73
20.8
1.68
3.63
2.14
1.25
8.78
1.45
1.22
1.26
24.44
1.63
9.64
1.3
4.81
1.21
3.84
1.26
9.39
3.43
20.28
6.21
1.22
3.7
1.3
1.42
3.4
1.01
23.52
1.05
1.65
1.28
1.14
1.19
21.96
1.34
1.5
4.84
1.1
2.42
1
1.85
1.02
2.85
1.34
6.8
1.14
6.61
8.01
1.77
5.26
5.67
1
10.48
20.86
3.29
11.26
2.21
5.58
2.17
1.53
3.3
2.71
3.9
2.06
7.79
1.8
1.03
1.65
1.21
8.39
1.91
13.32
8.66
2.72
1.17
6.19
1.56
1.03
1.02
1.87
1.21
4.26
3.81
4.32
1.3
1.09
2.32
1.04
6.49
1.16
6.59
1.27
3.93
29.84
1.01
8.18
2.18
2.99
2.57
1.06
1.72
2.39
1.45
1.36
2.67
1.21
1
1.01
1.14
1.63
3.28
1.18
1.65
1.93
1.26
1.96
1.02
2.75
1.39
1
2.73
1.39
33.18
2.47
1.36
1.16
4.56
1.33
1.07
2.37
1.27
1.13
1.57
2.5
21.37
15.07
6.1
1.07
1.02
2.07
4.63
2.1
1.73
1.36
5.68
1.39
1
1.65
12.49
1.13
1.28
20.97
1.38
23.96
24.16
1.53
4.48
1.37
1.48
3.1
2.72
1.67
1.61
1.92
1.03
17.65
1.5
1.3
1.1
5.67
3.28
1.68
2.8
15.63
1.98
1.14
7.2
6.17
4.22
1.1
1.48
1.09
1.51
1.02
1.11
1.67
17.82
11.48
1
18.18
1.62
1.93
1.65
2.39
3.75
1.51
3.23
3.41
2.14
27.51
1.31
7.56
1.53
3.35
3.18
9.93
2.04
1.07
1.27
2.05
1.6
1.1
5.88
1.25
2.46
4.07
25.42
1.56
20.71
2.27
1.79
1.87
1.12
1
1.38
1.92
26.36
2.24
1
1.43
1.19
1.23
5.61
1.36
2.46
1.24
2.01
1.63
1.41
1.9
4.37
1.16
1.55
1.65
1.53
1.13
1.4
1.83
1.43
1.15
1.08
1.18
1.16
1.45
2.78
1.47
1.5
20.62
1.39
2.54
1.85
1.88
5.26
2.87
1.43
2.33
4.67
3.78
22.38
1.81
1.03
1.1
2.72
4.24
8.46
1.2
2.33
4.33
3.81
1.21
2.01
2.63
3.46
1.19
2.05
9.99
1.93
1.02
1.76
4.29
1.74
3.2
10.27
8.78
1.34
1.18
5.32
2.92
2.62
33.55
1.03
5.95
18.06
1.27
1.44
2.87
1.25
1.2
1.87
4.36
2.74
1.89
2.38
4.02
1.66
1.49
1.3
1.98
1.93
1.96
1.13
1.21
2.19
1.35
1.02
1.09
5.96
20.6
4.15
1.56
7.2
1.27
1.16
1.71
2.36
1.46
1.15
4.43
1.63
5.39
2.02
2.56
1.17
4.33
1.1
12.03
1.06
1.44
1.06
3.8
1.22
1.19
3.09
1.01
2.45
3.56
15
4.94
19.36
2.19
2.37
1.01
1.56
2.36
1.4
2.55
1.7
2.61
3.4
8.95
5.08
1.23
1.11
4.19
14.76
21.38
1.06
1.63
1.77
1.53
1.36
2.1
1.34
21
8.56
26.95
1
4.62
1.02
2.87
2.66
8.01
2.49
1.28
1.5
3.34
7.34
1.06
1.97
2.87
5.64
3.47
1
8.57
1.3
1.59
1.37
1.47
1.81
1.06
5.49
2.76
1.51
1.48
1.09
1
2.46
5.91
25.31
1.17
1.04
1.55
1.16
5.08
4.21
1.06
1.41
4.04
2.09
1.44
3.18
2.18
6.39
26.87
1.32
1.97
3.67
2.17
1.63
1.17
10.55
1.16
1.96
1.3
4.81
2.18
1.07
3.18
2.78
1
3.69
26.66
2.74
1.15
2.43
1.51
7.13
1.03
2.67
1.42
13.17
20.17
1.51
20.9
2.24
1.81
1.03
2.16
1.49
1.07
1.56
1.04
1.4
6.71
4.25
1.69
24.44
5.49
4.01
1.46
3.7
25.57
1.36
1.25
2.68
7.16
5.11
2.38
5.6
4.9
1.11
1.21
7.07
2.41
1.13
1.83
1.15
2.05
1.77
2.08
1.05
2.69
2.59
27.93
1.67
7
1.36
1.45
1.65
1.01
21.36
1.23
1.41
2.1
3.28
1.03
19.3
4.83
1.02
3.05
1.19
1.06
1.98
1.09
1.14
1.04
1.75
1.08
4.32
1.41
3.09
3.35
4.89
1.72
2.33
1.27
1.01
1.33
21.9
3.46
1.66
1.41
1.89
27.43
3.43
1.43
5.76
3.29
1.08
1.35
1.67
1.39
1.22
2.57
1.35
3.02
1.17
21.48
12.5
1.53
1.22
1.24
1.03
1
1.1
2.3
1.78
8.43
1.58
5.55
2.19
10.83
2.71
2.78
1.23
1.89
1.24
3.64
1.36
1.89
1.41
1.03
27.01
10.69
1.16
2.16
1.75
18.24
1.73
19.35
1.35
1.02
3.32
6.91
8.51
1.92
1
1.79
8.73
1.29
1.2
7.03
4.4
2.87
1.25
9.78
7.18
2.03
6.13
1.02
1.22
1.95
1.34
1.12
4.14
3.11
2.39
9.45
1.06
1.1
2.69
1.98
1
3.27
3.55
3.17
1.43
1.15
1.68
1.33
2.92
2.29
2.04
1.2
3.42
1.96
1.33
1.25
2.61
1
1.06
1.74
2.41
1.6
2.86
2.89
1.19
3.76
3.83
20.84
9.36
3.61
1.11
1.98
1.07
1.9
1.87
1.49
1.02
23.7
2.16
3.12
1.16
5.58
1.61
1.09
1.67
1.52
1.37
6.38
2.18
1.12
2.86
3.66
1.96
5.08
11.14
2.29
1.33
12.37
1
2.61
2.75
3.51
1.03
2.69
2.75
1.06
24.16
23.01
1.03
1.08
1.8
2.24
10.63
8.45
3.06
3.03
1.31
1.5
1.04
3.51
1.31
1.42
1.62
1.22
1.06
1.19
1.52
1.55
2.87
10.95
1.49
1.04
2.82
4.46
2.87
24.53
1.07
1.23
2.66
1.78
1.73
1.14
2.64
3.84
2.81
6.59
1.74
1.06
4.32
1.27
7.29
21.38
4.06
5.5
2.45
1.13
1.09
1.91
1.38
1.81
1.58
4.37
4.6
1.55
20.65
3.06
14.75
1
2.31
1
28.13
29.41
1.16
1.95
1.12
1.14
3.92
1.69
8.78
2.19
13.71
7.03
20.53
1.16
2.29
3.32
2.04
2.15
1.04
4.56
2.97
9.24
15.17
1.83
21.31
1.06
1.37
2.89
1.8
27.47
1.21
1.47
1.69
5.16
1.85
2.87
1.24
5.96
1.79
2.88
11.27
5.66
1.07
14.47
8.64
1.04
1.31
1.29
1.22
1.22
4.27
1.67
20.13
3.93
5.24
6.9
1.34
22.97
2.77
1.23
1.42
1.15
4.06
9.84
8.56
1.2
1.23
1.97
1.2
5.61
1.55
3.51
2.01
4.06
1.36
3.85
1.13
1.06
4.3
5.51
10.97
1.31
1.38
13.75
1.03
1.09
2.02
11.05
1.6
14.23
1.15
2.53
1.01
1.71
2.83
3.18
1.18
1.09
1.49
1.97
1.08
2.21
1.34
1.5
14.64
1.18
7.86
1.01
1.86
1.09
1.28
2.54
1.36
3.14
2.39
1.08
1.39
1
1.5
5.64
1.3
3.99
5.07
1.34
4.34
6.14
2.79
1.66
1.31
1.4
2.91
2.41
1.33
2.55
1.21
1.4
5.68
1.55
1.13
5.27
4.5
1.24
7.52
1.59
4.32
1.26
5.07
1.53
1.11
2.61
1.7
1.74
7.58
4.35
5.77
2.46
1.02
22.61
1.52
1.85
1.07
4.71
5.82
2.62
2.48
4.35
1.62
1.62
1.52
3.35
7.08
1.75
1.85
2.22
1.82
2.22
4.21
18.48
1.59
1.32
1.16
1.9
5.15
2
1.26
1.47
3.14
1.11
27.65
1.05
2.49
1.56
2.76
6.74
5.65
2.09
1.22
1.06
9.18
1.87
2.3
2.6
1.07
1.46
1.01
2.7
1.18
1.11
1.84
1.25
5.02
1
6.88
2.02
1.43
1.88
1.13
1.11
1.17
1.27
20.38
11.3
2.18
1.23
2.73
3.29
4.17
1.72
6.17
1.46
1.79
1.02
1.13
2.39
2.83
20.85
3.63
3.53
9.28
2.06
1.08
2.65
3.78
1.03
2.88
7.14
2.14
1.2
4.59
3.11
20.82
4.4
1.67
1.02
5.14
5.9
2.57
2.52
5.28
4.16
1.78
1.77
22.46
20.2
1.25
23.83
17.85
8.28
6.47
4.06
1
1.82
2.33
1.39
1.73
1.61
1.28
2.22
1.97
2.66
1.17
1.59
1.02
4.07
2.96
24.29
1.07
22.3
23.57
1.38
6.85
1.73
1.22
9.75
2.81
1.08
1.13
1.68
22.25
23.26
2.1
1.47
1.57
1.34
1.5
1.53
1.92
1.35
2
1.18
7.68
8.62
1.04
2.37
3.17
1.63
1.04
2.93
1.31
8.86
1.89
1
7.34
1
1.33
1.46
1.14
2.43
1.99
1.48
1.19
1.07
1.59
3.52
1.11
2.58
4.61
1.28
1.01
1.67
3.25
1.05
6.68
1.08
1.18
10.2
2.53
7.28
1.31
1.33
1.28
11.55
26
1.68
3.52
1.85
6.91
1.01
2.06
1.44
1.27
1.46
3.38
2.62
1.3
2.95
3.17
1.34
2.09
2.92
5.05
2.54
3.17
10.24
1.26
29.11
1.07
1.08
4.18
1.49
5.67
3.19
1.01
1.29
2.25
1.06
1.01
17.59
1.25
13.36
8.9
1.03
1.05
1.35
1.8
8.5
1.69
1.79
1.44
1.91
1.12
7.57
2.29
1.55
19.07
1.2
3.97
1.08
2.32
1.09
3.61
1.9
25.61
1.39
2.31
3.16
1.32
13.17
1.37
5.49
1.7
1.4
1.12
1.35
1.79
1.29
1.98
20.67
3.03
1.3
3.78
1.89
2.82
9.55
1.03
3.09
1.82
1.6
1.46
13.15
2.18
1.69
2.16
5.85
1.19
1.18
4.88
1.58
3.12
1.01
2.02
4.58
2.17
3.26
2.87
6.8
1.48
5.18
1.69
1.35
26.12
1.69
2.88
2.01
1.15
1.65
1.11
1.11
1
5.35
1.07
8.67
8.77
23.59
1.04
1.29
3.97
1.12
2.05
1.33
7.01
11.96
2.4
7.45
23.93
1.44
2.78
3.69
1.6
1.18
2.34
27.2
8.84
2.05
1.29
1.28
2.95
3.78
1.41
1.49
1.93
2.28
1.63
1.12
1.53
4.29
1.11
5.61
1.2
1.82
1.13
1.77
2.05
2.29
26.47
1.51
3.37
2.29
6.21
1.71
13.57
3.87
34.93
1.79
2.2
1.68
2.05
1.39
3.02
1.57
22.26
2.62
1.36
7.17
1.58
5.01
1.79
1.99
1.04
1.28
6.44
2.35
2.59
1.6
1.61
1.05
1.76
6.42
34.39
2.13
2.88
4.18
2.03
1.15
2.66
1.37
1.25
2.43
2.03
1.38
1.39
2.12
1.35
1.71
1.13
1.14
1.44
20.85
1.23
1.42
2.02
1.41
1.23
1.28
24.04
1.75
2.29
1.25
27.27
1.63
1.09
1.43
1.3
1.8
2.03
1.06
1.7
1.77
3.82
1.38
1.02
1.28
1.04
1.56
1.86
4.22
1.1
1.26
2.73
1.13
26.52
1.08
2.51
9.67
3.79
2.4
1.33
1.91
4.5
1.33
6.19
2.41
14
3.23
2.61
1.7
2.37
1.14
1.31
1.87
1.07
1.07
12.36
6.83
7.01
8.06
3.43
4.12
1.45
1.43
30.79
12.45
5.16
1.48
17.12
1.14
1.77
12.42
27.83
2.57
2.87
2.41
3.46
1.4
2.04
1.29
1.59
3.53
1.43
2.01
1.14
1.61
4.79
1.4
14.4
1.43
1.05
14.26
1.45
1.36
1.13
3.63
1.87
1.79
1.67
1.04
1.6
1.24
3.74
1.43
5.39
8.81
20.19
1.34
1.34
1.12
3.46
2.85
2.11
3.54
1.69
3.16
2.4
22.03
2.84
1.26
1.26
4.71
1.15
1.26
1.65
19.61
3.95
2.91
3.83
1.86
1.56
2.55
4.01
1.29
2.38
4.96
1.29
1.34
12.31
1.65
2.69
2.7
18.86
4.37
2.01
1.54
1.89
2.07
1.47
1.68
12.03
1.41
3.76
1.99
1.3
20.2
2.6
23.81
1.78
3.15
2.48
5.82
3.03
5.22
1.01
1.09
1.31
1.68
1.9
1.31
1.23
3.23
2.01
1.38
1.02
1.55
1.84
1.19
1.07
2.38
2.86
1.06
1.55
1.05
1.36
1.59
2.6
1.5
1.08
1.85
1.18
1.36
1.84
1.9
1.03
1
1.8
1.68
1
21.1
23.52
3.06
1.79
6.8
21.27
1.16
6.45
1.14
4.12
1.18
1.47
2.39
1.13
1.5
1.12
4.83
1.26
4.83
4.7
4.63
1.13
3.85
33.89
1.5
2.13
1.47
1.08
2.13
1.14
4.9
1.11
2.86
2.06
1.2
1.44
1.85
2.46
1.35
25.31
1.23
2.17
1.11
3.58
1.68
10.41
1.32
2.02
1.15
1.28
1.65
1.11
17.6
6.48
2.72
1.09
5.4
1.74
1.9
1.24
1.17
2.21
1.23
9.32
3.45
2.42
1.47
1.26
7.24
4.1
1.74
7.46
2.75
1.42
1.08
3.57
7.58
1.24
5.13
3.14
3.73
21.2
5.56
1.55
2.14
3.21
1.13
4.32
2.82
1.42
2.01
5.79
1.42
1.75
1.07
2.8
2.46
3.66
2.15
2.38
1.1
1.35
1.1
1.05
3.8
1.18
1.67
12.69
2.82
2.47
3.25
5.62
1
28.07
22.2
1.13
1.05
1.85
1.24
3.04
1.35
8.5
1.34
1.58
1.14
1.01
1.4
2.49
1.91
1.04
2.25
1.31
1.68
5.27
1.09
1.14
1
1.23
1.03
1.16
2.63
3.34
3.05
1.2
2.88
2.62
11.84
1.03
1.05
1.26
4.84
1.57
1.18
1.2
1.81
4.11
2.29
1
4.18
2.11
1.42
1.09
1.16
2.72
2.99
2.38
6.64
3.96
1.53
7.9
2.06
1.83
3.45
2.44
1.76
1.29
1.4
1.22
3.23
4.42
3.69
2.27
1.55
4.53
2.5
7.08
6.65
1.35
12.92
3.11
2
1.45
1.4
2.78
5.89
2.19
1.2
1.56
3.19
2.08
1.84
1
1.12
4.93
5.53
13.06
1.79
2.78
1.36
1.53
1.44
15.98
2.93
10.25
1.2
1.39
1.01
5.73
8.36
1.54
6.68
25.7
1.25
1
4.22
1.46
20.66
2.64
3.14
23.35
9.75
2.3
6.94
2.18
1.04
5.57
1.12
2.41
1.17
9.74
1.43
1.2
1.51
1.13
1.05
13.04
1.13
8.45
2.24
4.33
12.44
2.6
1.05
1.8
1.22
4.11
5.4
2.07
1.57
3.12
1.83
1.54
2.55
2.96
20.43
1.16
4.24
1.18
1.29
7.17
7.45
8.08
18.92
17.68
1.13
1.45
2.04
3.04
2.86
2.76
2.84
4.35
26.92
27.24
1.21
1.04
3.86
1.54
6.06
1.87
6.04
1.65
12.72
1.57
2.24
1.24
1.67
1.14
11.06
3.33
2.63
4.63
1.13
1.9
3.04
1.2
2.3
2.72
1.07
2.21
2.61
2.54
3.93
8.57
10.56
1.29
1.79
1.86
2.42
1.91
1.19
4.44
4.26
2.67
20.75
1.17
12.92
1.71
1.46
1.33
2.52
3.38
2.03
1.04
2.45
1.38
17.3
1.15
6.95
1.99
16.48
14.33
1.15
6.35
1.11
1.29
5.95
3.73
2.54
1.02
6.15
3.35
2.49
1.82
1.71
4.4
2.25
4.88
10.73
2
7.66
1.03
2.87
2.07
5.09
1.35
5.1
1.31
15.88
3.85
4.82
1.45
5.84
1.71
2.17
4.54
1
2.53
1.52
1.17
1.12
2.23
1.06
1.44
2.5
2.62
1.05
1.27
8.73
2.58
1.75
6.96
5.81
25.59
4.62
1.59
1.26
2.19
1.22
15.13
3.39
21.77
1.3
1.13
4.39
3.39
1.49
6.04
3.15
1.09
1.23
1.06
2.8
1.87
1.03
2.83
18.11
1.94
1.4
1.71
1.07
2.27
8.29
2.16
2.66
2.77
1
26.67
1.14
1.13
1.25
3.98
1.04
2.38
1.82
1.42
1.97
2.22
1.21
1.04
2.76
1.9
1.24
1.2
1.25
1.64
2.13
8.77
2.54
1.03
13.31
1.61
1.64
1.02
4.78
1.04
2.84
20.61
1.07
1.42
3.69
1.72
2.1
1.35
1.16
3.93
1.43
2.64
4.59
1.14
1.21
1.37
2.63
4.83
2.74
2.04
9.47
3.3
2.59
9.15
1.59
2.08
5.24
1.06
1.29
1.09
1.47
1.17
2.57
1.24
12.04
1.51
1.15
1.19
1.2
2.59
1.01
1.22
14.16
3.96
2.01
24.84
7.39
1.73
1.3
1.11
1.85
1.07
1.29
1.59
2.95
2.71
1.8
1.73
2.62
1.25
3.23
1.64
1.53
1.4
1.89
6.97
1.72
1.41
7.13
2.49
1.47
1.64
2.72
29.46
2.24
1.72
1.15
1.52
3.25
1.14
5.56
3.4
2.72
5.12
2.22
1.3
2.61
1.76
9.52
1
1.92
1
2.44
4.82
3.22
1.08
26.33
4.59
1.55
2.76
1.28
2.58
1.59
2.73
1.14
1.5
21.06
4.08
16.88
5.39
1.41
3.24
1.01
1.11
1.8
1.59
2.17
3.85
1.06
1.41
5.72
3.87
1.9
1.24
2.27
1.14
2.6
21.06
1.48
2.41
1.05
1.73
1.57
17.66
4.46
2.8
1.31
1.9
1.02
1.43
2.31
1.6
3.53
1.16
1.95
1.07
4.98
3.62
6.52
6.76
1.23
30.36
1.23
1.55
1.02
1.06
1.25
1.1
3.72
4.47
2
1.51
1.04
12.48
14.19
2.07
1.34
2.1
1.77
2.16
5.3
4.93
1.25
